     1150.00       1.243      0.9142
     1151.00       1.417      1.2079
     1152.00       1.045      0.9722
     1153.00       1.413      0.8372
     1154.00       1.644      1.4901
     1155.00       1.141      0.9648
     1156.00       1.164      1.1773
     1157.00       1.461      1.1711
     1158.00       1.257      0.9940
     1159.00       1.272      1.1848
     1160.00       1.062      1.0000
     1161.00       1.330      1.0378
     1162.00       1.127      1.3361
     1163.00       1.992      1.3642
     1164.00       1.189      1.1390
     1165.00       1.403      1.1461
     1166.00       1.467      1.0338
     1167.00       1.116      1.0283
     1168.00       1.168      1.0091
     1169.00       1.394      1.1891
     1170.00      0.9440      0.8615
     1171.00      0.8822      0.8705
     1172.00      0.9009      0.8514
     1173.00      0.8075      0.5963
     1174.00      0.6667      0.5819
     1175.00      0.4403      0.4950
     1176.00      0.3302      0.5517
     1177.00      0.4860      0.6493
     1178.00      0.7629      0.7918
     1179.00      0.9505      1.0238
     1180.00      0.9277      1.0834
     1181.00       1.072      0.9831
     1182.00      0.9332      1.0485
     1183.00      0.7537      0.8690
     1184.00      0.6647      0.7709
     1185.00      0.8095      0.8984
     1186.00      0.7859      0.8745
     1187.00      0.7776      0.8172
     1188.00      0.8077      0.7518
     1189.00      0.6374      0.6558
     1190.00      0.4654      0.4363
     1191.00      0.6747      0.7136
     1192.00      0.6326      0.5177
     1193.00      0.5455      0.4806
     1194.00      0.6527      0.6064
     1195.00      0.7555      0.8088
     1196.00      0.6346      0.7564
     1197.00      0.5718      0.5875
     1198.00      0.4519      0.5232
     1199.00      0.4794      0.4430
     1200.00      0.5178      0.5239
     1201.00      0.5197      0.5140
     1202.00      0.5988      0.5384
     1203.00      0.5905      0.6740
     1204.00      0.6266      0.5127
     1205.00      0.5374      0.3334
     1206.00      0.6642      0.4002
     1207.00      0.4483      0.4980
     1208.00      0.4462      0.4180
     1209.00      0.5277      0.4978
     1210.00      0.6589      0.4718
     1211.00      0.7129      0.4731
     1212.00      0.9970      0.4175
     1213.00       1.490      0.3965
     1214.00       1.936      0.4574
     1215.00       1.925      0.4113
     1216.00       3.952      0.5160
     1217.00       4.485      1.8107
     1218.00       2.802      1.2474
     1219.00       1.493      0.9923
     1220.00      0.8464      0.7893
     1221.00      0.6782      0.7292
     1222.00      0.7066      0.7700
     1223.00      0.7296      0.8091
     1224.00      0.7192      0.8383
     1225.00      0.7352      0.8024
     1226.00      0.7032      0.6647
     1227.00      0.6802      0.6859
     1228.00      0.7094      0.7834
     1229.00      0.6420      0.6411
     1230.00      0.5516      0.6094
     1231.00      0.5751      0.6638
     1232.00      0.6197      0.6370
     1233.00      0.6304      0.6013
     1234.00      0.6609      0.6529
     1235.00      0.5618      0.5892
     1236.00      0.5851      0.6309
     1237.00      0.6408      0.6651
     1238.00      0.5903      0.5804
     1239.00      0.7004      0.7011
     1240.00      0.8173      0.8131
     1241.00      0.8627      0.8969
     1242.00      0.9239      0.9836
     1243.00       1.033      0.9650
     1244.00       1.131      1.1051
     1245.00       1.106      1.0946
     1246.00       1.050      1.0250
     1247.00      0.9227      0.8988
     1248.00      0.8677      0.9051
     1249.00      0.9058      0.9635
     1250.00      0.8816      0.9157
     1251.00      0.8779      0.9094
     1252.00      0.8634      0.9175
     1253.00      0.8096      0.8707
     1254.00      0.8462      0.8966
     1255.00      0.9431      0.9593
     1256.00      0.9609      0.9740
     1257.00      0.9026      0.9417
     1258.00      0.8088      0.8403
     1259.00      0.6350      0.6646
     1260.00      0.5456      0.5227
     1261.00      0.6814      0.6852
     1262.00      0.8506      0.8336
     1263.00      0.8959      0.9319
     1264.00      0.8957      0.9089
     1265.00      0.9157      0.9511
     1266.00      0.9530      0.9861
     1267.00      0.9738      0.9907
     1268.00      0.9864      1.0400
     1269.00      0.9621      0.9669
     1270.00      0.9704      0.9975
     1271.00       1.015      1.0498
     1272.00      0.9866      0.9961
     1273.00      0.9529      0.9888
     1274.00       1.001      0.9987
     1275.00      0.9338      0.9739
     1276.00      0.9414      0.9651
     1277.00      0.8964      0.9447
     1278.00      0.9441      0.9601
     1279.00      0.9793      1.0026
     1280.00      0.9052      0.9563
     1281.00      0.9699      1.0056
     1282.00       1.022      1.0461
     1283.00      0.9996      1.0382
     1284.00       1.016      1.0052
     1285.00      0.9760      0.9948
     1286.00      0.9623      0.9495
     1287.00      0.9417      0.9479
     1288.00      0.9990      0.9827
     1289.00      0.9788      0.9794
     1290.00       1.017      1.0043
     1291.00      0.9574      0.9851
     1292.00      0.9389      0.9821
     1293.00      0.9519      0.9913
     1294.00      0.9573      0.9347
     1295.00      0.8618      0.8998
     1296.00      0.8484      0.8688
     1297.00      0.7490      0.7871
     1298.00      0.7856      0.7830
     1299.00      0.7869      0.8458
     1300.00      0.7425      0.7453
     1301.00      0.6392      0.6795
     1302.00      0.5525      0.5988
     1303.00      0.6126      0.6860
     1304.00      0.6695      0.7619
     1305.00      0.7469      0.7406
     1306.00      0.8477      0.8747
     1307.00      0.9949      0.9938
     1308.00       1.020      1.0171
     1309.00      0.9883      1.0024
     1310.00      0.9931      0.9853
     1311.00       1.003      1.0000
     1312.00      0.9844      1.0193
     1313.00      0.9970      1.0027
     1314.00       1.024      1.0250
     1315.00       1.001      1.0353
     1316.00       1.002      1.0100
     1317.00      0.9840      0.9784
     1318.00      0.9967      1.0112
     1319.00       1.008      1.0156
     1320.00       1.016      1.0332
     1321.00       1.021      1.0507
     1322.00       1.019      1.0022
     1323.00      0.9961      0.9803
     1324.00      0.9566      0.9621
     1325.00      0.9602      0.9647
     1326.00       1.009      1.0025
     1327.00      0.9970      1.0076
     1328.00      0.9045      0.9237
     1329.00      0.8847      0.9100
     1330.00      0.9167      0.9478
     1331.00      0.9264      0.9606
     1332.00      0.8191      0.8656
     1333.00      0.6557      0.6831
     1334.00      0.5361      0.4998
     1335.00      0.4966      0.5081
     1336.00      0.6915      0.6898
     1337.00      0.9405      0.9167
     1338.00      0.9963      0.9994
     1339.00       1.015      1.0207
     1340.00       1.045      1.0564
     1341.00       1.023      1.0348
     1342.00      0.9553      0.9524
     1343.00      0.8950      0.9196
     1344.00      0.8999      0.9092
     1345.00      0.9498      0.9649
     1346.00      0.9652      0.9867
     1347.00       1.037      1.0421
     1348.00       1.016      1.0201
     1349.00       1.036      1.0464
     1350.00       1.030      1.0400
     1351.00       1.017      1.0220
     1352.00       1.044      1.0382
     1353.00       1.028      1.0076
     1354.00       1.031      1.0189
     1355.00       1.049      1.0445
     1356.00       1.045      1.0252
     1357.00      0.9954      1.0107
     1358.00       1.004      0.9986
     1359.00      0.9984      1.0256
     1360.00       1.003      1.0070
     1361.00       1.015      1.0041
     1362.00      0.9653      0.9645
     1363.00      0.9395      0.9434
     1364.00      0.9432      0.9434
     1365.00      0.9559      0.9621
     1366.00      0.9997      1.0119
     1367.00       1.042      1.0444
     1368.00       1.021      1.0293
     1369.00      0.9942      0.9872
     1370.00      0.9992      0.9891
     1371.00       1.006      1.0200
     1372.00       1.022      1.0047
     1373.00      0.9894      0.9931
     1374.00      0.9537      0.9755
     1375.00      0.9525      0.9763
     1376.00      0.9599      0.9766
     1377.00      0.9674      0.9876
     1378.00      0.9934      0.9909
     1379.00      0.9731      0.9500
     1380.00      0.9300      0.9278
     1381.00      0.9433      0.9444
     1382.00      0.9048      0.9405
     1383.00      0.8957      0.9117
     1384.00      0.8726      0.8913
     1385.00      0.8644      0.8872
     1386.00      0.7935      0.7872
     1387.00      0.7483      0.7133
     1388.00      0.7442      0.7394
     1389.00      0.7416      0.7581
     1390.00      0.7209      0.7589
     1391.00      0.6688      0.6501
     1392.00      0.5757      0.5359
     1393.00      0.4947      0.4662
     1394.00      0.5578      0.5478
     1395.00      0.7245      0.6617
     1396.00      0.7907      0.7878
     1397.00      0.8260      0.7993
     1398.00      0.8246      0.8356
     1399.00      0.7962      0.8012
     1400.00      0.7961      0.7961
     1401.00      0.7245      0.6926
     1402.00      0.6561      0.6435
     1403.00      0.7547      0.7047
     1404.00      0.9785      0.9552
     1405.00       1.114      1.0783
     1406.00       1.109      1.0770
     1407.00       1.064      1.0587
     1408.00       1.073      1.0445
     1409.00      0.9915      0.9893
     1410.00      0.9861      0.9773
     1411.00       1.011      0.9919
     1412.00       1.024      1.0202
     1413.00      0.9933      1.0038
     1414.00      0.9973      0.9893
     1415.00      0.9040      0.9319
     1416.00      0.9054      0.9099
     1417.00      0.8717      0.8692
     1418.00      0.8834      0.9009
     1419.00      0.9063      0.9065
     1420.00      0.9101      0.9152
     1421.00      0.9114      0.9230
     1422.00      0.9527      0.9586
     1423.00      0.9978      0.9732
     1424.00      0.9918      0.9867
     1425.00      0.9701      0.9619
     1426.00      0.9046      0.9134
     1427.00      0.8927      0.8651
     1428.00      0.8559      0.8454
     1429.00      0.9141      0.9068
     1430.00      0.9054      0.9112
     1431.00      0.8967      0.8988
     1432.00      0.9593      0.9621
     1433.00      0.9724      0.9912
     1434.00      0.9993      0.9998
     1435.00      0.9477      0.9754
     1436.00      0.9795      0.9833
     1437.00      0.9979      1.0093
     1438.00      0.9887      1.0049
     1439.00      0.9980      0.9947
     1440.00       1.003      1.0026
     1441.00      0.9956      0.9894
     1442.00       1.009      1.0083
     1443.00       1.057      1.0482
     1444.00       1.040      1.0464
     1445.00      0.9654      0.9901
     1446.00      0.9719      0.9913
     1447.00      0.9530      0.9747
     1448.00       1.002      1.0013
     1449.00       1.042      1.0251
     1450.00       1.060      1.0585
     1451.00       1.031      1.0266
     1452.00       1.046      1.0063
     1453.00       1.037      1.0105
     1454.00      0.9640      0.9703
     1455.00      0.9526      0.9605
     1456.00      0.9430      0.9547
     1457.00      0.9594      0.9843
     1458.00       1.001      1.0017
     1459.00      0.9875      1.0208
     1460.00      0.9947      1.0203
     1461.00      0.9591      0.9814
     1462.00       1.007      1.0287
     1463.00       1.073      1.0490
     1464.00       1.051      1.0490
     1465.00       1.001      1.0112
     1466.00      0.9629      0.9716
     1467.00      0.9189      0.9349
     1468.00      0.9477      0.9884
     1469.00      0.9646      0.9923
     1470.00      0.9853      1.0005
     1471.00       1.002      0.9982
     1472.00      0.9844      0.9891
     1473.00       1.005      1.0231
     1474.00       1.009      1.0259
     1475.00       1.008      1.0396
     1476.00      0.9950      1.0067
     1477.00      0.9682      0.9882
     1478.00      0.9780      0.9854
     1479.00      0.9894      0.9913
     1480.00       1.021      1.0377
     1481.00       1.017      1.0267
     1482.00       1.018      1.0217
     1483.00      0.9912      0.9796
     1484.00      0.9929      1.0052
     1485.00      0.9987      1.0159
     1486.00      0.9954      0.9821
     1487.00       1.085      1.0422
     1488.00       1.093      1.0773
     1489.00       1.047      1.0602
     1490.00       1.020      1.0470
     1491.00       1.029      1.0350
     1492.00       1.023      1.0275
     1493.00      0.9613      0.9956
     1494.00      0.9594      0.9634
     1495.00      0.9791      1.0000
     1496.00       1.022      1.0122
     1497.00      0.9824      1.0109
     1498.00      0.9690      0.9818
     1499.00      0.9501      0.9509
     1500.00      0.9166      0.9147
     1501.00      0.8892      0.8888
     1502.00      0.8413      0.8542
     1503.00      0.9344      0.9388
     1504.00      0.9645      0.9822
     1505.00      0.9941      0.9896
     1506.00       1.026      1.0333
     1507.00       1.037      1.0307
     1508.00       1.047      1.0206
     1509.00       1.063      1.0642
     1510.00      0.9548      0.9922
     1511.00      0.9451      0.9702
     1512.00      0.9070      0.9321
     1513.00      0.9365      0.9380
     1514.00      0.9991      0.9860
     1515.00       1.011      0.9972
     1516.00      0.9498      0.9531
     1517.00      0.9483      0.9488
     1518.00      0.9457      0.9613
     1519.00      0.9758      0.9818
     1520.00      0.9659      0.9440
     1521.00      0.9868      0.9882
     1522.00      0.9951      0.9876
     1523.00       1.007      0.9952
     1524.00      0.8579      0.8280
     1525.00      0.7042      0.6919
     1526.00      0.5643      0.5689
     1527.00      0.5987      0.5967
     1528.00      0.7576      0.7657
     1529.00      0.8640      0.8761
     1530.00      0.8258      0.8558
     1531.00      0.8197      0.8142
     1532.00      0.7449      0.7306
     1533.00      0.7058      0.7163
     1534.00      0.7242      0.7213
     1535.00      0.7544      0.7826
     1536.00      0.7381      0.7544
     1537.00      0.7180      0.7365
     1538.00      0.6776      0.6849
     1539.00      0.6397      0.6273
     1540.00      0.6237      0.5749
     1541.00      0.6432      0.5926
     1542.00      0.6328      0.6003
     1543.00      0.6082      0.5878
     1544.00      0.5951      0.5519
     1545.00      0.5780      0.5472
     1546.00      0.5651      0.5361
     1547.00      0.4932      0.4464
     1548.00      0.5540      0.4085
     1549.00      0.6880      0.5302
     1550.00      0.6846      0.5614
     1551.00      0.9456      0.7191
     1552.00       1.108      0.9545
     1553.00       1.146      1.1200
     1554.00       1.114      1.1173
     1555.00       1.069      1.0663
     1556.00       1.004      1.0438
     1557.00      0.9751      0.9655
     1558.00      0.9436      0.9743
     1559.00      0.8990      0.9144
     1560.00      0.8518      0.8868
     1561.00      0.8266      0.8438
     1562.00      0.8660      0.8747
     1563.00      0.8508      0.8841
     1564.00      0.8421      0.8686
     1565.00      0.8408      0.8461
     1566.00      0.8829      0.9027
     1567.00      0.8917      0.8961
     1568.00      0.8773      0.8805
     1569.00      0.8379      0.8436
     1570.00      0.8533      0.8835
     1571.00      0.8989      0.9290
     1572.00      0.9392      0.9550
     1573.00      0.9673      0.9392
     1574.00      0.9004      0.9227
     1575.00       1.282      0.8945
     1576.00      0.5892      0.8724
     1577.00      0.4452      0.8783
     1578.00      0.3759      0.8723
     1579.00      0.4817      0.8891
     1580.00      0.7041      0.9191
     1581.00      0.8374      0.9445
     1582.00      0.7140      0.9448
     1583.00      0.8496      0.9302
     1584.00      0.8593      0.9260
     1585.00      0.6784      0.9340
     1586.00      0.6057      0.9188
     1587.00      0.6867      1.0409
     1588.00      0.8384      1.0402
     1589.00      0.9424      0.9693
     1590.00      0.9055      0.9515
     1591.00      0.7678      0.9321
     1592.00      0.8445      0.9589
     1593.00      0.9426      0.9629
     1594.00      0.9146      0.9486
     1595.00      0.8399      0.9471
     1596.00       1.011      0.9738
     1597.00       1.032      1.0000
     1598.00       1.017      0.9728
     1599.00      0.9723      0.9450
     1600.00      0.7399      0.9398
     1601.00      0.7533      0.8759
     1602.00      0.8148      0.8731
     1603.00      0.8492      0.9318
     1604.00      0.8456      0.9249
     1605.00      0.8316      0.8283
     1606.00      0.8374      0.8277
     1607.00      0.7633      0.7557
     1608.00      0.7131      0.7214
     1609.00      0.7073      0.6953
     1610.00      0.8839      0.8081
     1611.00      0.8317      0.8050
     1612.00      0.7194      0.8368
     1613.00      0.8584      0.8739
     1614.00       1.023      0.9219
     1615.00      0.9969      0.9740
     1616.00      0.9739      0.9157
     1617.00       1.019      0.9647
     1618.00       1.011      0.9509
     1619.00      0.9989      0.9586
     1620.00      0.9385      0.9437
     1621.00      0.9043      0.9249
     1622.00      0.9646      0.9212
     1623.00      0.9703      0.9377
     1624.00       1.068      0.9503
     1625.00       1.006      0.9528
     1626.00      0.9890      0.9638
     1627.00      0.9325      0.9274
     1628.00      0.9200      0.9913
     1629.00      0.8211      0.9146
     1630.00      0.8866      0.9029
     1631.00      0.9748      0.9255
     1632.00      0.9415      0.9413
     1633.00      0.9361      0.9499
     1634.00       1.015      1.0003
     1635.00      0.9840      1.0059
     1636.00      0.9390      1.0086
     1637.00      0.9285      0.9882
     1638.00      0.9932      0.9786
     1639.00       1.034      0.9874
     1640.00       1.032      0.9824
     1641.00       1.052      1.0296
     1642.00       1.104      1.0601
     1643.00       1.073      1.0814
     1644.00       1.074      1.0640
     1645.00       1.063      1.0565
     1646.00       1.029      1.0354
     1647.00       1.027      1.0252
     1648.00       1.035      1.0256
     1649.00      0.9878      1.0187
     1650.00       1.023      1.0112
     1651.00      0.9911      0.9916
     1652.00      0.9191      0.9525
     1653.00      0.9140      0.9239
     1654.00      0.9752      0.9715
     1655.00      0.8837      0.9117
     1656.00      0.8752      0.8795
     1657.00      0.8674      0.8852
     1658.00      0.8689      0.9041
     1659.00      0.8972      0.9350
     1660.00      0.9428      0.9524
     1661.00      0.9749      0.9659
     1662.00      0.9323      0.9757
     1663.00      0.8964      0.9024
     1664.00      0.9216      0.9674
     1665.00       1.012      0.9890
     1666.00       1.082      1.0315
     1667.00       1.092      1.0237
     1668.00       1.033      0.9537
     1669.00      0.8921      0.8779
     1670.00      0.7925      0.8063
     1671.00      0.7846      0.7956
     1672.00      0.8048      0.8153
     1673.00      0.8673      0.8875
     1674.00      0.9147      0.9113
     1675.00      0.9657      0.9833
     1676.00       1.002      0.9994
     1677.00      1.0000      0.9941
     1678.00      0.9848      0.9947
     1679.00      0.9819      1.0012
     1680.00       1.017      1.0016
     1681.00       1.065      1.0341
     1682.00       1.039      1.0340
     1683.00       1.017      1.0369
     1684.00      0.9916      1.0108
     1685.00      0.9991      1.0144
     1686.00       1.012      1.0089
     1687.00      0.9824      0.9929
     1688.00      0.9530      0.9915
     1689.00      0.9495      0.9626
     1690.00      0.9434      0.9637
     1691.00      0.9617      0.9950
     1692.00      0.9673      1.0110
     1693.00      0.9550      0.9746
     1694.00      0.9607      0.9703
     1695.00      0.9393      0.9461
     1696.00      0.9500      0.9699
     1697.00      0.9642      0.9954
     1698.00       1.001      1.0083
     1699.00      0.9747      0.9875
     1700.00      0.9550      0.9525
     1701.00      0.9539      0.9836
     1702.00      0.9294      0.9508
     1703.00      0.9613      0.9914
     1704.00      0.9565      0.9691
     1705.00      0.9564      0.9795
     1706.00      0.9668      0.9947
     1707.00      0.9614      0.9451
     1708.00      0.9302      0.9559
     1709.00      0.9050      0.9279
     1710.00      0.9198      0.9202
     1711.00      0.9372      0.9390
     1712.00      0.9316      0.9440
     1713.00      0.9265      0.9467
     1714.00      0.9639      0.9545
     1715.00      0.9633      0.9608
     1716.00      0.9175      0.9395
     1717.00      0.8761      0.8830
     1718.00      0.8661      0.8746
     1719.00      0.8604      0.8798
     1720.00      0.8637      0.9141
     1721.00      0.9277      0.9749
     1722.00      0.9474      0.9707
     1723.00      0.9082      0.9334
     1724.00      0.9275      0.9119
     1725.00      0.9402      0.9476
     1726.00      0.9421      0.9329
     1727.00      0.9807      0.9827
     1728.00      0.9664      0.9996
     1729.00      0.9385      0.9631
     1730.00      0.9926      0.9990
     1731.00      0.9506      0.9940
     1732.00      0.9997      1.0262
     1733.00       1.030      1.0292
     1734.00       1.024      1.0338
     1735.00       1.010      1.0194
     1736.00      0.9711      1.0196
     1737.00      0.9835      1.0165
     1738.00      0.9528      0.9685
     1739.00      0.9419      0.9804
     1740.00      0.9360      0.9507
     1741.00      0.9384      0.9478
     1742.00      0.9426      0.9420
     1743.00      0.9319      0.9456
     1744.00      0.9635      0.9801
     1745.00      0.9716      0.9946
     1746.00      0.9348      0.9419
     1747.00      0.9358      0.9441
     1748.00      0.9564      0.9634
     1749.00      0.9640      0.9573
     1750.00      0.9386      0.9278
     1751.00      0.9262      0.9348
     1752.00      0.9453      0.9675
     1753.00      0.9479      0.9611
     1754.00      0.9840      0.9977
     1755.00      0.9950      1.0178
     1756.00      0.9711      1.0130
     1757.00      0.9739      1.0090
     1758.00       1.010      1.0048
     1759.00       1.028      1.0004
     1760.00      0.9604      0.9600
     1761.00      0.9343      0.9446
     1762.00      0.9518      0.9753
     1763.00      0.9650      0.9931
     1764.00      0.9500      0.9495
     1765.00      0.9336      0.9625
     1766.00      0.9815      0.9907
     1767.00      0.9804      0.9829
     1768.00      0.9533      0.9851
     1769.00      0.9926      0.9695
     1770.00      0.9765      0.9906
     1771.00      0.9459      0.9719
     1772.00      0.9282      0.9372
     1773.00      0.9345      0.9545
     1774.00      0.9189      0.9488
     1775.00      0.9229      0.9601
     1776.00      0.9444      0.9545
     1777.00      0.9758      0.9713
     1778.00      0.9832      0.9581
     1779.00      0.9665      0.9715
     1780.00      0.9811      0.9700
     1781.00      0.9732      0.9712
     1782.00      0.9660      0.9940
     1783.00      0.9905      1.0044
     1784.00       1.004      1.0123
     1785.00      0.9790      0.9924
     1786.00      0.9827      0.9973
     1787.00      0.9951      1.0162
     1788.00      0.9705      0.9916
     1789.00      0.9549      0.9765
     1790.00      0.9549      0.9737
     1791.00      0.9401      0.9499
     1792.00      0.9627      0.9447
     1793.00      0.9791      0.9756
     1794.00      0.9707      0.9906
     1795.00      0.9699      1.0061
     1796.00      0.9898      1.0080
     1797.00      0.9980      1.0162
     1798.00       1.005      1.0225
     1799.00       1.006      1.0538
     1800.00       1.009      1.0384
     1801.00       1.041      1.0241
     1802.00       1.026      1.0243
     1803.00       1.036      1.0082
     1804.00       1.030      1.0282
     1805.00      0.9913      1.0121
     1806.00      0.9603      0.9811
     1807.00      0.9569      0.9443
     1808.00      0.9228      0.9440
     1809.00      0.9114      0.9343
     1810.00      0.9509      0.9679
     1811.00      0.9688      0.9740
     1812.00      0.9989      0.9980
     1813.00      0.9898      0.9939
     1814.00       1.020      1.0099
     1815.00       1.019      1.0061
     1816.00      0.9864      0.9877
     1817.00      0.9552      1.0047
     1818.00      0.9572      0.9973
     1819.00      0.9768      0.9864
     1820.00      0.9605      0.9502
     1821.00      0.9449      0.9666
     1822.00      0.9523      0.9507
     1823.00      0.9557      0.9705
     1824.00      0.9562      0.9577
     1825.00      0.9519      0.9485
     1826.00      0.9630      0.9738
     1827.00      0.9800      0.9760
     1828.00      0.9634      0.9636
     1829.00      0.9506      0.9830
     1830.00      0.9639      1.0098
     1831.00      0.9935      1.0111
     1832.00       1.005      1.0081
     1833.00      0.9843      1.0059
     1834.00       1.019      1.0431
     1835.00       1.035      1.0298
     1836.00       1.005      1.0038
     1837.00      0.9957      1.0122
     1838.00       1.013      0.9971
     1839.00      0.9716      0.9700
     1840.00      0.9556      0.9747
     1841.00      0.9546      0.9798
     1842.00      0.9551      0.9474
     1843.00      0.9241      0.9393
     1844.00      0.9020      0.9114
     1845.00      0.8898      0.9412
     1846.00      0.9176      0.9351
     1847.00      0.9012      0.9370
     1848.00      0.9282      0.9718
     1849.00      0.9512      0.9954
     1850.00      0.9154      0.9412
     1851.00      0.8959      0.9599
     1852.00      0.9086      0.9289
     1853.00      0.9055      0.9557
     1854.00      0.8551      0.8961
     1855.00      0.8981      0.8887
     1856.00      0.9035      0.9011
     1857.00      0.9476      0.9459
     1858.00      0.9377      0.9477
     1859.00      0.9293      0.9381
     1860.00      0.9117      0.9264
     1861.00      0.9000      0.9139
     1862.00      0.8872      0.8943
     1863.00      0.9086      0.9046
     1864.00      0.9075      0.9336
     1865.00      0.9113      0.9370
     1866.00      0.9011      0.9437
     1867.00      0.9366      0.9513
     1868.00      0.9604      0.9414
     1869.00      0.9868      0.9694
     1870.00      0.9589      0.9535
     1871.00      0.9424      0.9635
     1872.00      0.9757      0.9752
     1873.00      0.9689      0.9635
     1874.00      0.9515      0.9686
     1875.00      0.9818      0.9850
     1876.00      0.9966      1.0356
     1877.00      0.9895      1.0176
     1878.00      0.9925      1.0341
     1879.00       1.011      1.0267
     1880.00       1.008      1.0352
     1881.00       1.045      1.0423
     1882.00       1.057      1.0081
     1883.00       1.120      1.0226
     1884.00       1.059      0.9977
     1885.00      0.9906      0.9469
     1886.00      0.9597      0.9525
     1887.00      0.9580      0.9473
     1888.00      0.9394      0.9434
     1889.00      0.9399      0.9622
     1890.00      0.9664      0.9474
     1891.00      0.9893      0.9807
     1892.00       1.014      0.9817
     1893.00       1.050      0.9961
     1894.00       1.005      0.9815
     1895.00      0.9731      0.9734
     1896.00      0.9594      0.9897
     1897.00      0.9930      1.0097
     1898.00      0.9963      0.9941
     1899.00      0.9831      0.9929
     1900.00      0.9832      1.0087
     1901.00       1.003      0.9986
     1902.00      0.9801      0.9733
     1903.00      0.9703      0.9624
     1904.00       1.006      1.0106
     1905.00       1.178      1.1242
     1906.00       1.448      1.2315
     1907.00       1.687      1.2889
     1908.00       1.772      1.3030
     1909.00       1.613      1.2767
     1910.00       1.342      1.1322
     1911.00       1.128      1.0400
     1912.00       1.017      1.0073
     1913.00      0.9242      0.9825
     1914.00      0.9077      0.9755
     1915.00      0.9257      0.9291
     1916.00      0.9386      0.9591
     1917.00      0.9291      0.9400
     1918.00      0.9504      0.9576
     1919.00      0.9092      0.9634
     1920.00      0.8796      0.9091
     1921.00      0.8951      0.9050
     1922.00      0.8532      0.8642
     1923.00      0.8464      0.8457
     1924.00      0.8529      0.8503
     1925.00      0.8500      0.8448
     1926.00      0.8219      0.8307
     1927.00      0.8625      0.8473
     1928.00      0.8859      0.8690
     1929.00      0.8592      0.8801
     1930.00      0.8368      0.8590
     1931.00      0.8913      0.8916
     1932.00      0.9000      0.9133
     1933.00      0.9073      0.9179
     1934.00      0.9411      0.9594
     1935.00      0.9434      0.9639
     1936.00      0.9612      0.9783
     1937.00      0.9460      0.9273
     1938.00      0.9147      0.9337
     1939.00      0.9348      0.9342
     1940.00      0.9487      0.9676
     1941.00      0.9503      0.9305
     1942.00      0.9587      0.9402
     1943.00      0.9762      0.9475
     1944.00      0.9681      0.9592
     1945.00      0.9796      0.9721
     1946.00      0.9725      0.9854
     1947.00      0.9554      0.9663
     1948.00      0.9640      0.9747
     1949.00      0.9744      0.9806
     1950.00      0.9328      0.9345
     1951.00      0.9078      0.9029
     1952.00      0.9275      0.9218
     1953.00      0.8945      0.9142
     1954.00      0.8994      0.9139
     1955.00      0.9509      0.9504
     1956.00      0.9322      0.9559
     1957.00      0.9188      0.9411
     1958.00      0.9344      0.9489
     1959.00      0.9338      0.9321
     1960.00      0.9292      0.9337
     1961.00      0.9021      0.9069
     1962.00      0.9242      0.9399
     1963.00      0.9763      0.9386
     1964.00      0.9317      0.9285
     1965.00      0.9479      0.9486
     1966.00      0.9627      0.9720
     1967.00      0.9992      1.0082
     1968.00      0.9867      0.9940
     1969.00      0.9949      0.9972
     1970.00       1.020      1.0108
     1971.00      0.9862      1.0030
     1972.00       1.016      1.0269
     1973.00       1.021      1.0169
     1974.00       1.014      1.0047
     1975.00       1.010      1.0338
     1976.00      0.9923      1.0222
     1977.00       1.013      1.0256
     1978.00       1.022      1.0245
     1979.00      0.9951      0.9899
     1980.00      0.9870      0.9866
     1981.00       1.000      1.0002
     1982.00       1.004      0.9979
     1983.00       1.003      0.9998
     1984.00      0.9894      0.9963
     1985.00      0.9765      0.9738
     1986.00      0.9765      1.0027
     1987.00      0.9762      0.9976
     1988.00      0.9949      0.9946
     1989.00      0.9816      0.9795
     1990.00      0.9834      0.9467
     1991.00      0.9606      0.9471
     1992.00      0.9677      0.9522
     1993.00      0.9505      0.9315
     1994.00      0.9516      0.9555
     1995.00      0.9733      0.9664
     1996.00      0.9897      0.9778
     1997.00      0.9894      0.9919
     1998.00       1.014      1.0095
     1999.00      0.9613      0.9986
     2000.00      0.9480      0.9489
     2001.00      0.9697      0.9881
     2002.00       1.005      1.0286
     2003.00      0.9858      0.9792
     2004.00      0.9774      0.9945
     2005.00       1.000      1.0044
     2006.00       1.021      1.0057
     2007.00       1.032      1.0140
     2008.00       1.022      1.0314
     2009.00       1.022      1.0164
     2010.00       1.009      1.0195
     2011.00      0.9999      1.0061
     2012.00      0.9938      0.9910
     2013.00      0.9890      0.9958
     2014.00       1.005      0.9990
     2015.00       1.016      1.0105
     2016.00      0.9976      1.0099
     2017.00       1.018      1.0227
     2018.00       1.062      1.0622
     2019.00       1.050      1.0559
     2020.00       1.042      1.0502
     2021.00       1.056      1.0537
     2022.00       1.057      1.0695
     2023.00       1.046      1.0627
     2024.00       1.045      1.0213
     2025.00       1.035      1.0048
     2026.00      0.9729      0.9678
     2027.00      0.9594      0.9741
     2028.00      0.9939      1.0143
     2029.00       1.011      1.0336
     2030.00       1.050      1.0538
     2031.00       1.029      1.0265
     2032.00       1.018      1.0203
     2033.00       1.004      1.0195
     2034.00      0.9600      0.9890
     2035.00      0.9785      0.9827
     2036.00      0.9778      0.9765
     2037.00      0.9839      1.0037
     2038.00      0.9616      0.9880
     2039.00      0.9678      0.9662
     2040.00      0.9371      0.9540
     2041.00      0.9523      0.9604
     2042.00      0.9942      0.9928
     2043.00       1.005      0.9927
     2044.00      0.9836      0.9990
     2045.00      0.9760      0.9978
     2046.00       1.006      1.0171
     2047.00      0.9816      0.9770
     2048.00      0.9773      0.9735
     2049.00      0.9774      0.9829
     2050.00      0.9796      0.9917
     2051.00       1.003      0.9910
     2052.00      0.9976      1.0152
     2053.00      0.9652      0.9724
     2054.00      0.9746      0.9841
     2055.00      0.9672      0.9558
     2056.00      0.9436      0.9144
     2057.00      0.9397      0.9305
     2058.00      0.9606      0.9651
     2059.00      0.9745      0.9763
     2060.00       1.001      0.9790
     2061.00       1.023      0.9958
     2062.00       1.031      0.9956
     2063.00       1.016      0.9871
     2064.00       1.022      1.0136
     2065.00       1.018      1.0418
     2066.00      0.9925      1.0033
     2067.00      0.9784      0.9813
     2068.00      0.9832      0.9741
     2069.00      0.9875      0.9799
     2070.00      0.9972      1.0018
     2071.00       1.004      0.9968
     2072.00       1.020      1.0330
     2073.00       1.016      1.0290
     2074.00       1.014      1.0155
     2075.00       1.013      0.9930
     2076.00       1.003      0.9936
     2077.00      0.9884      0.9811
     2078.00      0.9904      1.0002
     2079.00       1.004      0.9972
     2080.00      0.9910      0.9999
     2081.00      0.9959      1.0106
     2082.00       1.001      1.0045
     2083.00      0.9923      1.0027
     2084.00      0.9911      0.9818
     2085.00      0.9903      0.9964
     2086.00      0.9735      0.9806
     2087.00      0.9523      0.9722
     2088.00      0.9441      0.9463
     2089.00      0.9567      0.9672
     2090.00      0.9778      0.9815
     2091.00      0.9950      0.9930
     2092.00      0.9866      0.9784
     2093.00      0.9753      0.9880
     2094.00      0.9620      0.9700
     2095.00      0.9870      0.9806
     2096.00      0.9926      0.9654
     2097.00      0.9744      0.9566
     2098.00      0.9651      0.9643
     2099.00      0.9669      0.9672
     2100.00      0.9845      0.9635
     2101.00      0.9989      0.9800
     2102.00      0.9838      1.0001
     2103.00      0.9717      0.9719
     2104.00      0.9625      0.9660
     2105.00      0.9788      0.9957
     2106.00      0.9852      0.9806
     2107.00      0.9893      0.9803
     2108.00      0.9898      0.9820
     2109.00      0.9910      0.9793
     2110.00      0.9969      0.9812
     2111.00       1.007      1.0186
     2112.00      0.9896      0.9974
     2113.00       1.004      1.0115
     2114.00       1.024      1.0146
     2115.00      0.9987      0.9931
     2116.00      0.9782      0.9699
     2117.00      0.9617      0.9734
     2118.00      0.9849      0.9734
     2119.00      0.9691      0.9635
     2120.00      0.9802      0.9757
     2121.00      0.9797      1.0024
     2122.00      0.9732      0.9818
     2123.00      0.9966      0.9943
     2124.00       1.013      0.9870
     2125.00       1.008      1.0078
     2126.00      0.9844      0.9911
     2127.00      0.9900      0.9905
     2128.00       1.009      1.0131
     2129.00       1.015      1.0188
     2130.00      0.9996      0.9905
     2131.00      0.9971      0.9966
     2132.00      0.9871      0.9903
     2133.00      0.9861      0.9668
     2134.00      0.9885      0.9874
     2135.00      0.9878      0.9899
     2136.00      0.9594      0.9702
     2137.00      0.9763      0.9711
     2138.00      0.9877      0.9845
     2139.00      0.9911      0.9749
     2140.00       1.023      1.0046
     2141.00       1.025      1.0310
     2142.00       1.012      1.0002
     2143.00       1.019      1.0117
     2144.00       1.023      1.0107
     2145.00       1.009      0.9877
     2146.00      0.9823      0.9683
     2147.00      0.9738      0.9611
     2148.00       1.005      0.9979
     2149.00      0.9761      0.9854
     2150.00      0.9752      0.9631
     2151.00       1.010      0.9957
     2152.00       1.000      0.9850
     2153.00      0.9776      0.9861
     2154.00       1.002      1.0059
     2155.00       1.042      1.0247
     2156.00       1.053      1.0339
     2157.00      0.9868      0.9940
     2158.00      0.9616      0.9797
     2159.00      0.9773      0.9829
     2160.00      0.9895      0.9811
     2161.00       1.004      0.9922
     2162.00      0.9752      0.9884
     2163.00      0.9595      0.9608
     2164.00      0.9488      0.9472
     2165.00      0.9446      0.9510
     2166.00      0.9540      0.9577
     2167.00      0.9876      0.9837
     2168.00      0.9990      0.9936
     2169.00      0.9761      0.9776
     2170.00      0.9835      0.9779
     2171.00      0.9927      1.0003
     2172.00      0.9899      0.9949
     2173.00      0.9943      0.9997
     2174.00       1.001      1.0090
     2175.00       1.022      1.0127
     2176.00       1.023      1.0143
     2177.00       1.001      1.0000
     2178.00       1.001      0.9935
     2179.00       1.002      1.0121
     2180.00      0.9965      1.0077
     2181.00      0.9944      1.0074
     2182.00      0.9699      0.9762
     2183.00      0.9517      0.9616
     2184.00      0.9751      0.9901
     2185.00       1.007      0.9979
     2186.00      0.9797      0.9707
     2187.00      0.9881      0.9678
     2188.00      0.9770      0.9879
     2189.00      0.9838      0.9826
     2190.00       1.005      0.9862
     2191.00      0.9887      0.9838
     2192.00      0.9703      0.9725
     2193.00       1.001      0.9881
     2194.00       1.020      1.0190
     2195.00       1.019      1.0190
     2196.00       1.033      1.0421
     2197.00       1.013      1.0240
     2198.00       1.004      1.0061
     2199.00       1.025      1.0219
     2200.00       1.012      1.0172
     2201.00       1.004      1.0110
     2202.00       1.006      1.0282
     2203.00      0.9965      1.0096
     2204.00      0.9789      0.9938
     2205.00      0.9864      1.0152
     2206.00       1.015      1.0195
     2207.00       1.020      1.0052
     2208.00       1.013      1.0135
     2209.00      0.9941      1.0073
     2210.00      0.9804      0.9891
     2211.00      0.9914      0.9885
     2212.00      0.9818      0.9912
     2213.00      0.9832      0.9839
     2214.00      0.9929      0.9903
     2215.00      0.9717      0.9900
     2216.00      0.9852      0.9861
     2217.00      0.9834      0.9762
     2218.00      0.9832      0.9705
     2219.00      0.9859      0.9843
     2220.00       1.001      0.9988
     2221.00      0.9870      0.9807
     2222.00       1.007      1.0030
     2223.00       1.016      1.0004
     2224.00       1.010      0.9928
     2225.00      0.9943      0.9785
     2226.00       1.013      0.9874
     2227.00       1.007      0.9857
     2228.00      0.9940      0.9819
     2229.00      0.9833      0.9911
     2230.00      0.9803      0.9780
     2231.00      0.9822      0.9815
     2232.00       1.008      1.0047
     2233.00       1.011      0.9967
     2234.00      0.9812      0.9883
     2235.00      0.9982      0.9961
     2236.00      0.9780      0.9818
     2237.00      0.9801      0.9692
     2238.00       1.014      1.0061
     2239.00       1.023      1.0097
     2240.00       1.016      0.9955
     2241.00       1.012      1.0026
     2242.00       1.007      1.0047
     2243.00      0.9825      1.0011
     2244.00      0.9715      0.9782
     2245.00      0.9863      0.9826
     2246.00      0.9960      0.9886
     2247.00      0.9969      0.9732
     2248.00      0.9874      0.9761
     2249.00      0.9612      0.9787
     2250.00      0.9456      0.9622
     2251.00      0.9667      0.9639
     2252.00      0.9753      0.9615
     2253.00      0.9634      0.9568
     2254.00      0.9616      0.9652
     2255.00      0.9703      0.9649
     2256.00      0.9737      0.9662
     2257.00      0.9792      0.9735
     2258.00      0.9724      0.9564
     2259.00      0.9710      0.9825
     2260.00      0.9488      0.9686
     2261.00      0.9439      0.9361
     2262.00      0.9527      0.9401
     2263.00      0.9828      0.9800
     2264.00      0.9966      0.9887
     2265.00      0.9845      0.9784
     2266.00       1.001      0.9935
     2267.00       1.024      1.0200
     2268.00       1.008      1.0160
     2269.00      0.9991      1.0034
     2270.00       1.012      1.0139
     2271.00       1.005      0.9960
     2272.00       1.010      1.0027
     2273.00       1.018      1.0076
     2274.00       1.005      1.0025
     2275.00      0.9955      1.0014
     2276.00      0.9872      0.9749
     2277.00       1.006      1.0010
     2278.00       1.018      1.0078
     2279.00       1.013      1.0040
     2280.00       1.028      1.0274
     2281.00       1.044      1.0343
     2282.00       1.029      1.0251
     2283.00       1.017      1.0212
     2284.00       1.011      1.0109
     2285.00       1.020      1.0029
     2286.00       1.020      1.0014
     2287.00       1.008      1.0012
     2288.00       1.002      1.0179
     2289.00       1.013      1.0262
     2290.00       1.018      1.0102
     2291.00       1.017      1.0078
     2292.00       1.003      0.9991
     2293.00       1.001      1.0030
     2294.00      0.9921      0.9918
     2295.00      0.9846      0.9843
     2296.00      0.9691      0.9826
     2297.00      0.9607      0.9656
     2298.00      0.9553      0.9581
     2299.00      0.9830      0.9679
     2300.00      0.9957      0.9970
     2301.00       1.018      1.0072
     2302.00       1.009      0.9988
     2303.00       1.013      0.9988
     2304.00       1.005      0.9930
     2305.00      0.9980      1.0000
     2306.00      0.9908      1.0001
     2307.00       1.006      0.9987
     2308.00       1.008      0.9933
     2309.00      0.9978      0.9938
     2310.00       1.019      1.0215
     2311.00       1.015      0.9943
     2312.00       1.019      1.0028
     2313.00       1.011      1.0012
     2314.00       1.015      1.0196
     2315.00       1.020      1.0139
     2316.00       1.026      1.0196
     2317.00       1.026      1.0508
     2318.00       1.011      0.9923
     2319.00       1.011      1.0071
     2320.00       1.004      1.0365
     2321.00       1.012      1.0300
     2322.00       1.038      1.0438
     2323.00       1.063      1.0576
     2324.00       1.082      1.0859
     2325.00       1.114      1.1531
     2326.00       1.122      1.1264
     2327.00       1.100      1.0660
     2328.00       1.069      1.0744
     2329.00       1.043      1.0296
     2330.00       1.039      1.0134
     2331.00       1.020      1.0316
     2332.00      0.9767      0.9743
     2333.00      0.9761      0.9649
     2334.00       1.009      0.9917
     2335.00       1.030      1.0349
     2336.00       1.012      1.0168
     2337.00      0.9644      0.9709
     2338.00      0.9726      0.9614
     2339.00      0.9964      0.9715
     2340.00      0.9734      0.9717
     2341.00      0.9421      0.9456
     2342.00      0.9140      0.8945
     2343.00      0.8654      0.9057
     2344.00      0.8104      0.8429
     2345.00      0.8022      0.8523
     2346.00      0.8761      0.8988
     2347.00      0.9577      0.9501
     2348.00       1.007      0.9857
     2349.00       1.006      1.0034
     2350.00      0.9779      0.9818
     2351.00       1.008      1.0223
     2352.00       1.052      1.0593
     2353.00       1.059      1.0943
     2354.00       1.039      1.0553
     2355.00       1.018      1.0398
     2356.00       1.023      1.0104
     2357.00       1.033      1.0304
     2358.00       1.019      1.0001
     2359.00      0.9946      0.9832
     2360.00       1.001      0.9939
     2361.00       1.013      1.0093
     2362.00      0.9966      0.9791
     2363.00      0.9791      0.9861
     2364.00      0.9926      0.9927
     2365.00       1.004      0.9931
     2366.00       1.002      1.0144
     2367.00       1.008      1.0171
     2368.00       1.016      1.0170
     2369.00       1.010      1.0036
     2370.00       1.002      0.9942
     2371.00      0.9832      0.9857
     2372.00      0.9766      0.9743
     2373.00      0.9417      0.9534
     2374.00      0.8563      0.8455
     2375.00      0.8405      0.8391
     2376.00      0.8923      0.9177
     2377.00      0.9339      0.9328
     2378.00      0.9566      0.9669
     2379.00      0.9548      0.9790
     2380.00      0.9133      0.9063
     2381.00      0.8356      0.8196
     2382.00      0.7485      0.7824
     2383.00      0.6987      0.7274
     2384.00      0.7402      0.7480
     2385.00      0.8543      0.8588
     2386.00      0.9227      0.9298
     2387.00      0.9443      0.9541
     2388.00      0.9863      0.9999
     2389.00       1.013      1.0183
     2390.00      0.9890      0.9729
     2391.00      0.9697      0.9693
     2392.00       1.007      1.0050
     2393.00       1.038      1.0455
     2394.00       1.029      1.0160
     2395.00       1.017      1.0080
     2396.00       1.011      1.0160
     2397.00       1.015      1.0024
     2398.00       1.017      0.9999
     2399.00       1.009      1.0074
     2400.00       1.005      0.9996
     2401.00      0.9951      0.9996
     2402.00      0.9768      1.0047
     2403.00      0.9881      0.9852
     2404.00       1.022      1.0214
     2405.00       1.019      1.0129
     2406.00       1.006      1.0156
     2407.00       1.004      1.0078
     2408.00       1.001      1.0140
     2409.00      0.9915      1.0110
     2410.00      0.9845      1.0219
     2411.00      0.9801      0.9895
     2412.00      0.9724      0.9602
     2413.00      0.9599      0.9679
     2414.00      0.9508      0.9670
     2415.00      0.9413      0.9462
     2416.00      0.9412      0.9476
     2417.00      0.9802      0.9877
     2418.00       1.018      1.0088
     2419.00       1.029      1.0150
     2420.00       1.056      1.0410
     2421.00       1.031      1.0173
     2422.00      0.9863      0.9772
     2423.00       1.005      0.9967
     2424.00      0.9954      0.9951
     2425.00      0.9970      1.0066
     2426.00       1.029      1.0316
     2427.00       1.012      1.0167
     2428.00      0.9909      1.0076
     2429.00      0.9856      0.9783
     2430.00      0.9744      0.9914
     2431.00      0.9784      0.9902
     2432.00      0.9909      0.9864
     2433.00      0.9887      0.9856
     2434.00      0.9757      0.9852
     2435.00      0.9602      0.9837
     2436.00      0.9801      0.9858
     2437.00      0.9844      0.9950
     2438.00      0.9867      0.9866
     2439.00       1.016      1.0088
     2440.00       1.028      1.0057
     2441.00       1.035      1.0027
     2442.00       1.042      1.0051
     2443.00       1.026      1.0220
     2444.00       1.017      0.9994
     2445.00       1.025      0.9970
     2446.00       1.008      1.0152
     2447.00      0.9738      0.9842
     2448.00      0.9570      0.9447
     2449.00      0.9662      0.9437
     2450.00      0.9867      0.9923
     2451.00      0.9747      0.9995
     2452.00      0.9784      0.9901
     2453.00      0.9912      1.0029
     2454.00      0.9760      0.9724
     2455.00      0.9988      1.0022
     2456.00       1.008      0.9993
     2457.00      0.9993      1.0004
     2458.00      0.9958      0.9941
     2459.00       1.000      0.9900
     2460.00       1.007      1.0090
     2461.00       1.001      1.0146
     2462.00      0.9984      1.0009
     2463.00      0.9981      1.0002
     2464.00       1.004      0.9828
     2465.00      0.9980      0.9826
     2466.00       1.011      1.0124
     2467.00       1.034      1.0101
     2468.00       1.035      1.0091
     2469.00       1.043      1.0325
     2470.00       1.060      1.0542
     2471.00       1.057      1.0359
     2472.00       1.039      0.9962
     2473.00       1.031      1.0302
     2474.00       1.015      1.0128
     2475.00      0.9977      1.0008
     2476.00       1.016      1.0146
     2477.00       1.030      1.0204
     2478.00       1.030      1.0255
     2479.00       1.024      0.9980
     2480.00       1.009      1.0027
     2481.00       1.001      0.9911
     2482.00       1.001      1.0010
     2483.00      0.9910      0.9960
     2484.00      0.9982      1.0023
     2485.00      0.9999      0.9748
     2486.00      0.9763      0.9824
     2487.00      0.9645      0.9805
     2488.00      0.9783      1.0116
     2489.00       1.007      0.9926
     2490.00       1.009      1.0032
     2491.00      0.9957      1.0052
     2492.00      0.9852      0.9963
     2493.00      0.9766      0.9907
     2494.00      0.9853      0.9979
     2495.00      0.9875      1.0007
     2496.00      0.9803      0.9951
     2497.00      0.9761      1.0139
     2498.00      0.9808      1.0204
     2499.00       1.005      1.0104
     2500.00       1.019      1.0325
     2501.00       1.016      1.0232
     2502.00       1.020      1.0168
     2503.00       1.025      1.0287
     2504.00       1.008      1.0296
     2505.00      0.9998      1.0269
     2506.00       1.009      1.0244
     2507.00       1.005      1.0089
     2508.00      0.9999      1.0183
     2509.00      0.9892      1.0052
     2510.00      0.9579      0.9677
     2511.00      0.9326      0.9369
     2512.00      0.9558      0.9274
     2513.00      0.9622      0.9347
     2514.00      0.9261      0.9503
     2515.00      0.9201      0.9408
     2516.00      0.9610      0.9670
     2517.00      0.9923      0.9859
     2518.00      0.9827      0.9776
     2519.00      0.9919      0.9871
     2520.00       1.013      1.0458
     2521.00      0.9908      0.9976
     2522.00      0.9868      0.9788
     2523.00       1.007      0.9948
     2524.00       1.006      0.9964
     2525.00      0.9928      0.9848
     2526.00      0.9973      0.9899
     2527.00       1.007      1.0246
     2528.00       1.003      1.0010
     2529.00       1.018      0.9970
     2530.00       1.013      1.0185
     2531.00      0.9928      1.0121
     2532.00      0.9845      1.0022
     2533.00      0.9816      1.0079
     2534.00      0.9939      1.0000
     2535.00      0.9946      1.0034
     2536.00      0.9795      0.9984
     2537.00      0.9642      0.9731
     2538.00      0.9637      0.9670
     2539.00      0.9795      0.9759
     2540.00      0.9849      1.0055
     2541.00      0.9805      0.9872
     2542.00      0.9674      0.9970
     2543.00      0.9559      0.9554
     2544.00      0.9602      0.9518
     2545.00      0.9659      0.9476
     2546.00      0.9631      0.9580
     2547.00      0.9855      1.0097
     2548.00       1.019      1.0300
     2549.00       1.008      1.0201
     2550.00      0.9904      0.9994
     2551.00       1.000      1.0072
     2552.00       1.005      1.0217
     2553.00      0.9967      0.9847
     2554.00       1.010      1.0218
     2555.00       1.034      1.0258
     2556.00       1.011      1.0307
     2557.00      0.9881      1.0050
     2558.00       1.000      1.0134
     2559.00       1.005      0.9964
     2560.00      0.9982      1.0014
     2561.00       1.003      0.9984
     2562.00      0.9992      1.0124
     2563.00      0.9880      0.9838
     2564.00      0.9808      0.9941
     2565.00      0.9664      0.9564
     2566.00      0.9595      0.9505
     2567.00      0.9544      0.9455
     2568.00      0.9634      0.9507
     2569.00      0.9892      0.9671
     2570.00      0.9975      0.9772
     2571.00      0.9901      0.9838
     2572.00      0.9883      0.9873
     2573.00       1.011      1.0086
     2574.00       1.021      1.0087
     2575.00      0.9834      0.9745
     2576.00      0.9415      0.9623
     2577.00      0.9247      0.9347
     2578.00      0.9399      0.9382
     2579.00      0.9697      0.9503
     2580.00      0.9903      1.0005
     2581.00      0.9875      1.0188
     2582.00      0.9634      0.9680
     2583.00      0.9370      0.9134
     2584.00      0.9043      0.8737
     2585.00      0.8552      0.8428
     2586.00      0.7995      0.8141
     2587.00      0.7705      0.7617
     2588.00      0.8038      0.8159
     2589.00      0.8793      0.9291
     2590.00      0.9294      0.9325
     2591.00      0.9390      0.9288
     2592.00      0.9342      0.9223
     2593.00      0.9234      0.9071
     2594.00      0.8899      0.8924
     2595.00      0.8666      0.8566
     2596.00      0.8751      0.8588
     2597.00      0.8689      0.8742
     2598.00      0.8304      0.8183
     2599.00      0.7662      0.7829
     2600.00      0.6978      0.7521
     2601.00      0.7008      0.7094
     2602.00      0.7833      0.7621
     2603.00      0.8711      0.8991
     2604.00      0.9317      0.9314
     2605.00      0.9489      0.9610
     2606.00      0.9123      0.8982
     2607.00      0.8976      0.9049
     2608.00      0.9193      0.9362
     2609.00      0.9389      0.9493
     2610.00      0.9539      0.9763
     2611.00      0.9877      0.9773
     2612.00       1.018      1.0046
     2613.00       1.016      1.0088
     2614.00       1.007      1.0025
     2615.00      0.9977      1.0067
     2616.00      0.9873      0.9814
     2617.00      0.9796      0.9910
     2618.00      0.9691      0.9704
     2619.00      0.9545      0.9631
     2620.00      0.9648      0.9860
     2621.00       1.000      1.0119
     2622.00       1.007      0.9928
     2623.00      0.9971      0.9934
     2624.00       1.006      1.0152
     2625.00       1.016      1.0022
     2626.00       1.027      1.0111
     2627.00       1.033      1.0240
     2628.00       1.028      1.0379
     2629.00       1.012      1.0222
     2630.00       1.004      1.0163
     2631.00       1.013      1.0296
     2632.00       1.006      1.0185
     2633.00       1.006      0.9949
     2634.00      0.9865      0.9909
     2635.00      0.9592      0.9753
     2636.00      0.9707      0.9650
     2637.00      0.9852      0.9814
     2638.00      0.9831      0.9797
     2639.00      0.9864      0.9974
     2640.00      0.9986      1.0014
     2641.00       1.007      0.9886
     2642.00       1.000      1.0004
     2643.00      0.9897      0.9895
     2644.00      1.0000      0.9941
     2645.00       1.022      1.0388
     2646.00       1.041      1.0298
     2647.00       1.039      1.0268
     2648.00       1.041      1.0143
     2649.00       1.021      1.0247
     2650.00      0.9712      1.0045
     2651.00      0.9615      0.9668
     2652.00      0.9756      0.9845
     2653.00      0.9928      0.9927
     2654.00       1.003      1.0057
     2655.00       1.005      0.9927
     2656.00       1.002      0.9919
     2657.00      0.9911      1.0006
     2658.00      0.9891      0.9930
     2659.00      0.9910      0.9640
     2660.00      0.9771      0.9819
     2661.00      0.9700      0.9779
     2662.00      0.9711      0.9764
     2663.00      0.9843      0.9721
     2664.00       1.002      0.9910
     2665.00      0.9843      0.9799
     2666.00      0.9637      0.9651
     2667.00      0.9784      0.9930
     2668.00       1.001      0.9863
     2669.00      0.9952      0.9978
     2670.00      0.9837      0.9801
     2671.00      0.9991      1.0032
     2672.00       1.002      1.0069
     2673.00      0.9919      0.9707
     2674.00      0.9823      0.9805
     2675.00      0.9728      0.9620
     2676.00      0.9628      0.9615
     2677.00      0.9573      0.9732
     2678.00      0.9609      0.9578
     2679.00      0.9719      0.9720
     2680.00      0.9850      0.9832
     2681.00      0.9799      0.9971
     2682.00      0.9795      0.9939
     2683.00      0.9955      1.0199
     2684.00      0.9914      0.9957
     2685.00      0.9761      0.9919
     2686.00      0.9635      0.9789
     2687.00      0.9754      0.9757
     2688.00       1.005      1.0007
     2689.00       1.012      1.0049
     2690.00       1.014      1.0075
     2691.00       1.009      0.9861
     2692.00      0.9864      0.9789
     2693.00      0.9735      0.9665
     2694.00      0.9608      0.9705
     2695.00      0.9531      0.9962
     2696.00      0.9811      0.9943
     2697.00       1.013      0.9919
     2698.00       1.025      1.0104
     2699.00       1.024      1.0194
     2700.00       1.007      0.9872
     2701.00       1.011      1.0110
     2702.00       1.032      1.0187
     2703.00       1.020      1.0018
     2704.00      0.9896      0.9858
     2705.00      0.9909      0.9992
     2706.00       1.002      0.9937
     2707.00      0.9915      0.9760
     2708.00      0.9901      0.9776
     2709.00      0.9998      0.9906
     2710.00      0.9841      0.9877
     2711.00      0.9616      0.9705
     2712.00      0.9613      0.9693
     2713.00      0.9677      0.9675
     2714.00      0.9599      0.9658
     2715.00      0.9643      0.9614
     2716.00      0.9845      0.9725
     2717.00      0.9895      0.9811
     2718.00      0.9987      0.9939
     2719.00       1.013      1.0100
     2720.00       1.011      1.0158
     2721.00       1.005      1.0084
     2722.00       1.006      1.0084
     2723.00      0.9887      0.9932
     2724.00      0.9696      0.9754
     2725.00      0.9693      0.9815
     2726.00      0.9740      0.9850
     2727.00      0.9972      0.9990
     2728.00      0.9951      0.9947
     2729.00      0.9635      0.9790
     2730.00      0.9668      0.9618
     2731.00      0.9914      0.9878
     2732.00      0.9945      0.9989
     2733.00      0.9979      0.9944
     2734.00       1.009      0.9927
     2735.00      0.9945      1.0101
     2736.00      0.9935      0.9909
     2737.00       1.028      1.0216
     2738.00       1.036      1.0258
     2739.00       1.022      1.0125
     2740.00       1.011      1.0067
     2741.00       1.009      1.0106
     2742.00      0.9912      0.9931
     2743.00      0.9798      0.9795
     2744.00       1.010      1.0077
     2745.00       1.014      1.0182
     2746.00      0.9910      0.9808
     2747.00      0.9884      0.9920
     2748.00      0.9869      0.9844
     2749.00      0.9890      1.0141
     2750.00      0.9990      1.0138
     2751.00      0.9923      0.9972
     2752.00      0.9840      0.9886
     2753.00      0.9805      0.9620
     2754.00      0.9753      0.9779
     2755.00      0.9587      0.9685
     2756.00      0.9458      0.9504
     2757.00      0.9566      0.9515
     2758.00      0.9710      0.9777
     2759.00      0.9920      0.9991
     2760.00       1.012      0.9939
     2761.00       1.008      0.9771
     2762.00      0.9985      1.0122
     2763.00      0.9910      1.0135
     2764.00       1.001      1.0183
     2765.00       1.001      1.0003
     2766.00      0.9866      0.9944
     2767.00      0.9787      0.9727
     2768.00      0.9661      0.9840
     2769.00      0.9768      0.9834
     2770.00      0.9768      0.9933
     2771.00      0.9523      0.9361
     2772.00      0.9461      0.9341
     2773.00      0.9512      0.9436
     2774.00      0.9595      0.9761
     2775.00      0.9795      0.9973
     2776.00      0.9941      0.9887
     2777.00      0.9942      0.9751
     2778.00      0.9879      0.9804
     2779.00      0.9820      0.9963
     2780.00      0.9753      0.9830
     2781.00      0.9631      0.9739
     2782.00      0.9747      0.9707
     2783.00      0.9763      0.9822
     2784.00      0.9793      0.9828
     2785.00      0.9971      0.9883
     2786.00       1.010      0.9955
     2787.00       1.003      1.0105
     2788.00      0.9738      0.9824
     2789.00      0.9845      0.9752
     2790.00      0.9876      1.0029
     2791.00      0.9476      0.9854
     2792.00      0.9012      0.9089
     2793.00      0.8536      0.8630
     2794.00      0.7802      0.7381
     2795.00      0.6823      0.6526
     2796.00      0.6112      0.5836
     2797.00      0.6297      0.5860
     2798.00      0.7326      0.7669
     2799.00      0.8256      0.8383
     2800.00      0.8281      0.8327
     2801.00      0.7604      0.7442
     2802.00      0.6703      0.6525
     2803.00      0.6041      0.6092
     2804.00      0.6299      0.6237
     2805.00      0.7511      0.7286
     2806.00      0.8704      0.8780
     2807.00      0.9411      0.9785
     2808.00      0.9734      0.9885
     2809.00      0.9733      0.9825
     2810.00      0.9699      0.9795
     2811.00      0.9740      0.9675
     2812.00      0.9842      0.9850
     2813.00      0.9902      0.9900
     2814.00      0.9971      0.9865
     2815.00       1.006      1.0034
     2816.00      0.9808      0.9962
     2817.00      0.9495      0.9750
     2818.00      0.9607      0.9491
     2819.00      0.9851      0.9872
     2820.00       1.000      0.9846
     2821.00      1.0000      0.9785
     2822.00      0.9996      0.9805
     2823.00       1.011      1.0017
     2824.00      0.9981      1.0128
     2825.00      0.9938      1.0023
     2826.00       1.025      1.0271
     2827.00       1.058      1.0446
     2828.00       1.066      1.0371
     2829.00       1.047      1.0152
     2830.00       1.045      1.0274
     2831.00       1.053      1.0323
     2832.00       1.052      1.0212
     2833.00       1.048      1.0252
     2834.00       1.016      1.0270
     2835.00       1.000      0.9877
     2836.00       1.012      1.0110
     2837.00       1.018      1.0244
     2838.00       1.027      1.0226
     2839.00      0.9965      0.9777
     2840.00      0.9595      0.9584
     2841.00      0.9798      0.9900
     2842.00      0.9876      0.9778
     2843.00      0.9853      0.9752
     2844.00       1.006      0.9988
     2845.00       1.004      1.0100
     2846.00      0.9867      0.9961
     2847.00      0.9815      0.9906
     2848.00      0.9783      0.9991
     2849.00      0.9800      0.9831
     2850.00      0.9662      0.9571
     2851.00      0.9207      0.9211
     2852.00      0.8593      0.8753
     2853.00      0.8283      0.8638
     2854.00      0.8597      0.8922
     2855.00      0.9182      0.9439
     2856.00      0.9483      0.9438
     2857.00      0.9403      0.9542
     2858.00      0.9475      0.9330
     2859.00      0.9725      0.9618
     2860.00      0.9899      0.9836
     2861.00      0.9794      0.9831
     2862.00      0.9622      0.9587
     2863.00      0.9622      0.9549
     2864.00      0.9974      1.0010
     2865.00       1.015      1.0307
     2866.00      0.9875      0.9775
     2867.00      0.9885      0.9992
     2868.00       1.016      1.0145
     2869.00       1.031      1.0406
     2870.00      0.9989      1.0089
     2871.00      0.9785      1.0083
     2872.00      0.9910      0.9897
     2873.00      0.9975      0.9888
     2874.00      0.9905      0.9984
     2875.00      0.9783      0.9829
     2876.00      0.9861      0.9806
     2877.00       1.008      1.0138
     2878.00       1.008      0.9882
     2879.00      0.9898      0.9856
     2880.00      0.9762      0.9690
     2881.00      0.9844      1.0038
     2882.00       1.004      0.9965
     2883.00       1.023      1.0186
     2884.00       1.008      1.0276
     2885.00      0.9770      1.0040
     2886.00      0.9564      0.9808
     2887.00      0.9606      0.9871
     2888.00      0.9736      0.9915
     2889.00      0.9761      0.9810
     2890.00      0.9933      0.9951
     2891.00      0.9931      0.9917
     2892.00       1.008      1.0077
     2893.00      0.9904      0.9930
     2894.00      0.9582      0.9727
     2895.00      0.9626      0.9834
     2896.00      0.9681      0.9847
     2897.00      0.9774      1.0166
     2898.00      0.9858      1.0077
     2899.00      0.9885      1.0142
     2900.00      0.9906      1.0057
     2901.00       1.001      1.0113
     2902.00       1.021      1.0158
     2903.00       1.039      1.0336
     2904.00       1.042      1.0374
     2905.00       1.041      1.0448
     2906.00       1.033      1.0226
     2907.00       1.025      1.0150
     2908.00       1.027      1.0361
     2909.00      0.9873      1.0219
     2910.00      0.9748      0.9907
     2911.00      0.9952      1.0057
     2912.00      0.9945      0.9898
     2913.00      0.9944      0.9777
     2914.00      0.9923      0.9757
     2915.00      0.9903      0.9805
     2916.00      0.9826      0.9917
     2917.00      0.9968      0.9851
     2918.00       1.016      1.0082
     2919.00       1.017      1.0142
     2920.00       1.009      1.0164
     2921.00       1.019      1.0216
     2922.00       1.022      1.0356
     2923.00       1.002      0.9891
     2924.00      0.9889      1.0128
     2925.00      0.9909      0.9884
     2926.00      0.9837      0.9716
     2927.00      0.9992      1.0010
     2928.00       1.018      0.9980
     2929.00       1.001      0.9896
     2930.00      0.9879      1.0086
     2931.00      0.9872      0.9919
     2932.00      0.9843      1.0113
     2933.00      0.9836      1.0024
     2934.00      0.9832      0.9997
     2935.00       1.004      1.0194
     2936.00       1.031      1.0189
     2937.00       1.021      0.9934
     2938.00      0.9969      0.9788
     2939.00       1.013      1.0101
     2940.00       1.018      1.0213
     2941.00      0.9954      0.9760
     2942.00      0.9977      1.0076
     2943.00       1.004      1.0028
     2944.00       1.033      1.0284
     2945.00       1.034      1.0286
     2946.00       1.034      1.0209
     2947.00       1.043      1.0195
     2948.00      0.9983      1.0030
     2949.00      0.9921      1.0006
     2950.00       1.002      0.9933
     2951.00      0.9913      0.9853
     2952.00      0.9888      0.9846
     2953.00       1.008      1.0003
     2954.00       1.012      1.0016
     2955.00       1.002      0.9990
     2956.00       1.002      1.0149
     2957.00       1.017      1.0040
     2958.00       1.031      1.0406
     2959.00       1.036      1.0308
     2960.00       1.016      1.0147
     2961.00       1.002      0.9938
     2962.00       1.001      1.0102
     2963.00       1.022      1.0276
     2964.00       1.015      1.0231
     2965.00      0.9681      0.9890
     2966.00      0.9548      0.9614
     2967.00      0.9700      0.9691
     2968.00       1.003      0.9920
     2969.00       1.011      0.9926
     2970.00       1.016      1.0150
     2971.00       1.036      1.0333
     2972.00       1.018      1.0137
     2973.00       1.004      1.0188
     2974.00       1.008      1.0239
     2975.00       1.022      1.0174
     2976.00       1.016      1.0294
     2977.00      0.9851      1.0010
     2978.00      0.9761      0.9884
     2979.00      0.9957      0.9988
     2980.00      0.9851      1.0045
     2981.00      0.9883      0.9921
     2982.00       1.011      0.9831
     2983.00      0.9980      0.9969
     2984.00      0.9837      0.9723
     2985.00      0.9488      0.9408
     2986.00      0.9277      0.9443
     2987.00      0.9537      0.9550
     2988.00      0.9652      0.9697
     2989.00      0.9805      0.9754
     2990.00       1.022      1.0195
     2991.00       1.015      1.0190
     2992.00      0.9932      0.9764
     2993.00      0.9911      0.9811
     2994.00      0.9884      1.0166
     2995.00      0.9928      0.9823
     2996.00      0.9635      1.0225
     2997.00      0.9529      0.9760
     2998.00      0.9840      0.9735
     2999.00      0.9721      0.9728
     3000.00      0.9754      0.9681
     3001.00       1.006      1.0017
     3002.00       1.005      0.9900
     3003.00      0.9741      0.9875
     3004.00      0.9727      0.9776
     3005.00      0.9858      0.9921
     3006.00      0.9817      0.9870
     3007.00      0.9781      0.9983
     3008.00      0.9716      0.9908
     3009.00      0.9688      0.9782
     3010.00      0.9752      0.9835
     3011.00       1.000      0.9875
     3012.00       1.016      1.0032
     3013.00       1.002      0.9954
     3014.00      0.9907      1.0076
     3015.00       1.010      1.0004
     3016.00       1.030      1.0318
     3017.00       1.009      1.0086
     3018.00      0.9781      0.9747
     3019.00      0.9655      0.9950
     3020.00      0.9743      0.9900
     3021.00      0.9830      0.9833
     3022.00      0.9697      0.9794
     3023.00      0.9817      0.9814
     3024.00      0.9898      0.9810
     3025.00      0.9807      0.9801
     3026.00      0.9766      0.9783
     3027.00      0.9731      0.9951
     3028.00      0.9890      1.0086
     3029.00       1.018      1.0393
     3030.00       1.021      1.0266
     3031.00      0.9975      1.0103
     3032.00      0.9993      1.0177
     3033.00       1.011      1.0222
     3034.00      0.9813      0.9999
     3035.00      0.9520      0.9692
     3036.00      0.9635      0.9716
     3037.00      0.9782      0.9830
     3038.00      0.9870      0.9785
     3039.00      0.9907      0.9703
     3040.00      0.9810      0.9805
     3041.00      0.9729      0.9825
     3042.00      0.9774      1.0007
     3043.00      0.9921      1.0063
     3044.00      0.9770      0.9878
     3045.00      0.9707      0.9692
     3046.00      0.9899      0.9950
     3047.00      0.9852      0.9982
     3048.00      0.9893      0.9819
     3049.00       1.009      1.0420
     3050.00       1.002      1.0099
     3051.00      0.9728      0.9725
     3052.00      0.9715      0.9724
     3053.00      0.9963      0.9939
     3054.00       1.034      1.0209
     3055.00       1.033      1.0304
     3056.00      0.9971      1.0059
     3057.00       1.024      1.0014
     3058.00       1.051      1.0297
     3059.00       1.018      0.9986
     3060.00      0.9810      0.9846
     3061.00      0.9676      0.9899
     3062.00      0.9795      0.9871
     3063.00      0.9836      0.9866
     3064.00      0.9756      0.9719
     3065.00      0.9868      0.9901
     3066.00      0.9926      0.9852
     3067.00      0.9731      0.9730
     3068.00      0.9717      0.9812
     3069.00      0.9940      0.9880
     3070.00       1.008      1.0053
     3071.00      0.9893      0.9656
     3072.00      0.9734      1.0062
     3073.00      0.9634      0.9785
     3074.00      0.9517      0.9707
     3075.00      0.9693      0.9770
     3076.00      0.9630      0.9849
     3077.00      0.9701      1.0009
     3078.00       1.005      1.0238
     3079.00       1.012      1.0052
     3080.00      0.9999      1.0112
     3081.00      0.9995      1.0046
     3082.00      0.9944      1.0007
     3083.00       1.011      1.0049
     3084.00       1.046      1.0007
     3085.00       1.027      0.9967
     3086.00      0.9690      0.9802
     3087.00      0.9384      0.9648
     3088.00      0.9770      0.9818
     3089.00       1.007      1.0091
     3090.00       1.003      1.0153
     3091.00       1.002      1.0158
     3092.00      0.9937      1.0023
     3093.00      0.9775      0.9984
     3094.00      0.9849      1.0008
     3095.00      0.9961      1.0008
     3096.00      0.9861      0.9976
     3097.00      0.9610      0.9790
     3098.00      0.9786      0.9922
     3099.00       1.013      1.0084
     3100.00       1.018      1.0154
     3101.00       1.006      1.0021
     3102.00      0.9762      0.9964
     3103.00      0.9739      1.0044
     3104.00       1.025      1.0487
     3105.00       1.059      1.0578
     3106.00       1.025      1.0418
     3107.00      0.9898      1.0031
     3108.00       1.001      1.0073
     3109.00       1.014      0.9973
     3110.00       1.011      0.9981
     3111.00       1.005      1.0100
     3112.00      0.9988      1.0015
     3113.00      0.9923      1.0053
     3114.00      0.9704      0.9867
     3115.00      0.9715      0.9892
     3116.00      0.9863      0.9908
     3117.00      0.9835      1.0040
     3118.00      0.9808      0.9906
     3119.00      0.9981      0.9883
     3120.00       1.016      0.9714
     3121.00       1.012      0.9809
     3122.00      0.9961      1.0196
     3123.00      0.9918      0.9880
     3124.00      0.9950      1.0135
     3125.00       1.003      1.0331
     3126.00       1.011      1.0205
     3127.00      0.9917      0.9810
     3128.00      0.9901      1.0012
     3129.00      0.9927      1.0019
     3130.00      0.9889      0.9923
     3131.00      0.9824      1.0055
     3132.00      0.9850      0.9810
     3133.00       1.017      1.0267
     3134.00       1.033      1.0187
     3135.00       1.025      1.0234
     3136.00       1.021      1.0399
     3137.00       1.035      1.0333
     3138.00       1.023      1.0085
     3139.00      0.9982      0.9951
     3140.00       1.002      0.9894
     3141.00       1.020      1.0211
     3142.00       1.035      1.0339
     3143.00       1.013      1.0446
     3144.00      0.9791      0.9984
     3145.00      0.9889      1.0099
     3146.00       1.015      1.0454
     3147.00       1.029      1.0582
     3148.00       1.022      1.0476
     3149.00       1.008      1.0038
     3150.00      0.9981      1.0084
     3151.00       1.003      1.0248
     3152.00       1.006      1.0253
     3153.00       1.023      1.0246
     3154.00       1.030      1.0260
     3155.00      0.9878      1.0363
     3156.00      0.9635      1.0037
     3157.00      0.9728      0.9778
     3158.00      0.9529      0.9677
     3159.00      0.9478      1.0216
     3160.00      0.9846      1.0086
     3161.00       1.007      1.0380
     3162.00       1.011      1.0392
     3163.00       1.014      1.0172
     3164.00       1.014      1.0212
     3165.00       1.013      1.0320
     3166.00       1.006      1.0377
     3167.00       1.011      1.0365
     3168.00       1.006      1.0384
     3169.00      0.9869      1.0315
     3170.00      0.9942      1.0236
     3171.00       1.018      1.0213
     3172.00       1.026      1.0206
     3173.00       1.014      1.0279
     3174.00      0.9993      1.0165
     3175.00       1.003      1.0178
     3176.00       1.023      1.0508
     3177.00       1.014      1.0314
     3178.00       1.002      1.0257
     3179.00       1.019      1.0443
     3180.00       1.037      1.0441
     3181.00       1.042      1.0598
     3182.00       1.042      1.0618
     3183.00       1.024      1.0245
     3184.00       1.014      1.0173
     3185.00       1.042      1.0506
     3186.00       1.056      1.0416
     3187.00       1.082      1.0794
     3188.00       1.127      1.1351
     3189.00       1.132      1.1149
     3190.00       1.122      1.1338
     3191.00       1.115      1.1570
     3192.00       1.087      1.1026
     3193.00       1.046      1.0771
     3194.00       1.018      1.0337
     3195.00       1.015      1.0311
     3196.00      0.9990      1.0284
     3197.00      0.9980      1.0266
     3198.00       1.009      1.0103
     3199.00       1.023      1.0280
     3200.00       1.062      1.0431
     3201.00       1.062      1.0609
     3202.00       1.032      1.0575
     3203.00       1.015      1.0454
     3204.00      0.9987      1.0167
     3205.00      0.9904      1.0304
     3206.00       1.021      1.0495
     3207.00       1.042      1.0610
     3208.00       1.028      1.0561
     3209.00       1.019      1.0740
     3210.00       1.027      1.0678
     3211.00       1.008      1.0464
     3212.00      0.9956      1.0233
     3213.00       1.027      1.0328
     3214.00       1.048      1.0725
     3215.00       1.045      1.0692
     3216.00       1.005      1.0489
     3217.00      0.9767      0.9593
     3218.00      0.9866      0.9998
     3219.00       1.028      1.0552
     3220.00       1.046      1.0873
     3221.00       1.016      1.0433
     3222.00       1.003      1.0306
     3223.00       1.030      1.0388
     3224.00       1.037      1.0301
     3225.00       1.018      1.0199
     3226.00       1.015      1.0201
     3227.00       1.005      1.0224
     3228.00      0.9971      1.0545
     3229.00      0.9911      1.0325
     3230.00      0.9630      0.9903
     3231.00      0.9416      0.9878
     3232.00      0.9413      1.0150
     3233.00      0.9494      0.9914
     3234.00      0.9598      0.9956
     3235.00      0.9623      0.9917
     3236.00      0.9568      0.9775
     3237.00      0.9511      0.9879
     3238.00      0.9362      0.9647
     3239.00      0.9450      0.9440
     3240.00      0.9483      0.9820
     3241.00      0.9457      0.9735
     3242.00      0.9614      0.9729
     3243.00      0.9666      0.9671
     3244.00      0.9976      1.0040
     3245.00       1.032      1.0511
     3246.00       1.037      1.0537
     3247.00       1.014      1.0394
     3248.00      0.9682      1.0118
     3249.00      0.9914      1.0419
     3250.00       1.004      1.0328
     3251.00      0.9846      1.0127
     3252.00      0.9746      0.9920
     3253.00      0.9761      1.0032
     3254.00      0.9713      0.9910
     3255.00      0.9653      0.9952
     3256.00      0.9755      0.9965
     3257.00      0.9997      1.0223
     3258.00      0.9879      1.0333
     3259.00      0.9501      0.9569
     3260.00      0.9423      0.9562
     3261.00      0.9623      0.9796
     3262.00      0.9750      0.9893
     3263.00      0.9969      1.0339
     3264.00      0.9963      0.9860
     3265.00      0.9684      0.9615
     3266.00      0.9618      1.0177
     3267.00      0.9653      0.9763
     3268.00      0.9714      0.9861
     3269.00      0.9749      0.9778
